50
189 28 59
33 90 85
128 125 95
135 86 37
68 182 140
63 33 8
192 194 42
175 34 30
100 22 167
172 168 21
141 6 66
160 118 6
138 53 133
99 11 160
138 44 170
44 170 53
129 37 184
125 89 127
187 39 10
37 135 81
21 27 3
86 149 110
167 22 71
38 143 169
164 48 12
38 123 91
0 156 196
15 111 6
77 2 103
125 154 150
99 194 89
132 197 4
140 166 166
31 13 25
23 179 36
56 41 180
9 115 89
11 2 136
82 103 71
153 30 93
198 20 21
168 167 45
113 33 151
58 128 85
84 0 145
146 179 103
148 46 59
120 93 196
75 124 91
123 59 33