500
66 153 121
116 152 189
95 47 90
81 41 165
193 180 159
179 120 157
154 61 129
171 164 18
143 130 40
181 194 186
21 153 152
168 171 179
163 171 184
92 59 16
104 167 131
85 56 24
119 29 132
175 109 121
191 125 86
48 105 136
20 24 158
176 184 190
123 18 121
163 123 149
88 94 130
94 8 195
63 112 78
146 15 123
198 143 13
42 7 117
69 5 105
136 157 70
145 18 136
46 164 121
159 89 89
178 97 108
74 6 175
8 198 92
4 155 145
19 136 26
84 141 96
40 88 146
90 101 57
75 73 128
142 160 43
56 158 127
133 115 26
178 66 82
140 136 160
163 117 15
14 55 44
193 199 121
27 114 27
190 108 44
127 101 14
103 141 8
44 176 60
43 39 29
95 144 120
49 10 31
170 22 72
58 79 105
70 110 23
15 180 59
91 74 126
104 109 132
160 117 50
131 76 43
57 149 51
101 42 196
104 173 131
102 85 69
43 98 143
142 81 90
170 92 92
36 168 36
6 120 23
196 2 104
82 161 186
21 142 141
198 30 15
162 73 64
105 151 188
97 112 173
133 118 190
49 49 135
39 15 2
67 128 87
168 45 123
157 196 46
80 199 128
105 182 90
68 9 167
106 183 27
196 180 144
120 70 199
52 197 157
32 53 93
119 34 87
33 52 175
151 6 25
26 72 63
79 193 27
188 22 183
30 48 170
187 154 128
147 169 118
70 193 90
30 101 89
3 45 28
96 64 62
176 40 39
119 120 58
146 16 189
76 41 13
46 89 36
89 128 19
104 155 172
113 25 53
83 37 167
187 53 168
26 13 199
4 154 141
44 114 151
50 55 193
0 194 29
22 23 95
118 150 111
192 96 5
130 95 110
20 23 156
191 154 4
25 9 183
0 100 154
118 189 168
35 89 67
110 54 109
84 173 67
158 71 150
179 22 18
151 1 185
7 116 45
170 86 105
175 81 141
138 70 59
169 1 102
165 35 164
121 121 138
158 13 121
2 140 45
113 51 127
90 199 193
162 54 176
111 140 37
29 56 106
77 117 117
136 145 61
97 167 153
177 75 125
60 12 154
25 83 111
162 161 121
176 139 182
75 126 179
186 127 59
93 139 109
144 133 163
95 188 2
47 29 109
135 106 146
126 148 116
129 175 181
43 28 140
182 15 169
99 33 165
96 10 39
174 92 190
132 199 159
9 109 194
31 190 15
134 37 28
34 179 189
4 178 47
134 157 176
59 60 146
116 83 63
1 195 165
13 8 159
31 0 1
24 195 118
41 93 96
12 194 29
115 192 149
92 154 17
94 56 71
25 115 122
93 61 182
191 59 11
83 193 164
142 124 103
78 150 146
154 86 76
166 167 112
37 171 100
124 49 121
191 117 75
176 125 39
72 164 73
175 1 178
91 162 131
104 192 132
48 187 23
99 10 106
78 160 40
23 53 158
176 105 3
174 163 23
81 72 5
172 14 76
123 70 114
69 46 129
70 155 197
177 46 10
79 97 50
70 14 10
7 169 124
84 94 50
71 141 154
163 60 128
177 81 10
42 16 165
72 70 173
44 117 8
175 38 187
74 33 96
14 124 168
194 111 155
105 52 117
1 196 177
65 184 72
60 5 146
56 50 12
51 115 39
187 69 24
180 92 148
39 4 20
58 18 72
108 185 71
41 151 51
160 178 162
47 140 118
0 190 113
41 158 30
100 168 81
166 126 129
198 123 116
72 71 88
131 28 84
68 81 88
80 40 88
119 18 131
150 14 161
123 86 183
71 147 122
146 104 50
53 25 168
57 43 57
126 180 15
92 78 6
42 111 135
107 35 31
72 20 126
191 58 14
83 39 143
148 70 167
27 132 33
29 194 84
58 149 118
29 97 7
111 40 95
17 163 76
40 67 121
113 72 118
158 78 71
121 178 126
47 118 59
138 53 97
102 59 192
30 138 58
112 32 146
52 63 193
109 177 22
170 26 147
196 40 73
160 91 81
26 189 145
195 168 57
170 114 101
193 168 132
170 99 86
2 74 178
109 55 86
158 3 12
182 176 118
132 150 159
71 173 89
115 49 143
123 69 139
147 81 114
121 193 94
46 57 18
112 127 185
150 4 164
104 93 83
139 33 94
185 64 165
11 84 107
87 182 142
146 134 154
87 100 180
156 177 195
158 156 97
33 149 38
96 155 105
15 65 29
198 115 194
50 55 6
53 55 10
136 93 89
39 163 149
161 80 65
156 171 97
48 184 98
30 192 73
98 60 121
199 185 91
19 117 40
2 137 4
141 61 112
26 194 58
0 30 92
45 100 160
57 86 29
89 85 38
110 120 75
55 76 90
43 84 177
144 107 16
119 169 164
106 80 100
94 41 94
115 18 177
49 0 104
43 167 179
64 173 192
77 108 22
72 135 106
118 32 195
132 50 25
9 19 135
145 187 185
31 48 81
79 136 96
142 52 46
35 19 31
27 92 89
12 70 129
162 9 97
3 4 65
160 182 161
143 165 29
192 165 25
32 98 152
152 144 131
138 13 93
5 56 164
18 158 93
185 82 184
137 191 12
152 181 5
145 63 71
151 53 128
52 186 93
93 118 36
170 11 68
156 52 24
135 183 144
186 74 173
58 139 87
119 190 57
12 54 6
94 1 183
117 64 32
155 186 116
182 103 176
198 19 33
125 122 42
70 54 17
7 190 186
73 74 118
26 131 58
149 7 182
97 35 150
124 127 0
56 82 109
185 110 88
156 91 98
144 103 13
4 17 10
110 181 92
109 34 87
67 102 34
196 160 149
183 192 46
154 72 17
114 100 83
94 116 97
75 93 185
140 131 85
127 138 40
47 140 199
34 173 100
144 2 185
65 31 51
11 150 31
15 185 178
76 20 63
166 105 169
138 134 155
74 13 41
38 122 22
92 75 161
9 169 51
13 108 32
175 62 118
34 21 105
97 70 66
186 137 171
196 194 108
177 82 61
107 166 88
96 122 120
37 136 126
11 34 173
53 181 52
166 183 150
113 34 153
71 73 88
40 43 11
164 23 173
199 137 190
117 64 98
21 9 56
128 21 15
140 48 50
137 196 28
163 62 57
37 66 66
193 161 153
3 81 70
159 83 157
94 86 46
98 180 0
172 61 60
102 174 169
131 54 113
182 110 8
172 51 98
39 3 65
156 121 29
10 111 100
137 44 77
162 184 148
102 101 65
75 141 121
47 95 123
41 37 167
57 148 125
33 165 24
128 63 161
175 169 90
171 27 152
19 79 176
123 38 47
194 60 1
73 1 4
90 198 78
71 180 117
3 152 184
59 6 91
182 106 51
150 153 11
198 175 185
114 67 50
182 69 41
34 25 193
97 4 140
57 146 2
175 43 18
94 83 63