500
197 164 162
108 27 192
141 150 55
49 4 64
54 32 125
184 87 197
55 61 113
44 196 59
114 127 43
6 127 148
172 138 78
61 139 62
116 34 142
60 125 189
180 161 12
124 15 132
89 188 169
21 164 111
180 114 70
129 12 181
193 31 92
132 21 4
3 95 37
144 151 152
16 16 93
131 182 36
11 140 139
192 156 3
189 153 25
123 92 128
156 149 142
17 188 159
174 151 53
193 78 31
71 21 9
117 8 66
175 71 4
147 86 193
51 53 33
184 109 53
60 165 57
179 85 73
163 152 180
73 28 53
90 168 94
42 104 176
157 40 82
161 143 139
189 89 133
23 151 110
199 42 53
135 1 101
66 136 180
96 80 2
111 9 64
190 51 97
33 68 167
60 7 154
67 174 153
145 147 112
24 57 42
46 57 12
107 15 155
41 152 90
192 149 57
190 27 88
37 24 41
61 130 189
77 106 155
198 123 145
157 113 103
89 83 155
106 59 21
107 58 112
11 153 123
14 85 75
60 158 177
142 90 20
156 147 181
127 36 84
59 83 115
177 114 124
84 35 163
177 113 3
95 136 64
197 50 68
129 80 24
71 165 86
142 80 115
195 28 113
0 12 6
58 155 18
16 36 199
161 154 97
128 117 153
193 127 5
37 133 122
197 119 75
87 146 85
79 118 137
82 74 88
87 175 23
155 76 116
162 136 73
147 25 49
160 175 138
151 74 149
194 39 159
161 109 185
175 9 62
68 64 34
8 40 83
22 159 102
115 103 188
17 199 124
191 102 79
112 148 61
156 95 25
87 137 116
134 60 42
144 19 9
155 86 5
99 88 159
90 122 83
38 168 52
30 196 106
36 188 96
22 2 3
114 93 197
5 6 14
110 81 4
63 190 79
95 19 161
54 4 172
129 18 17
47 142 5
30 54 98
9 168 119
80 98 14
41 147 49
198 169 156
194 63 36
18 177 75
20 87 100
45 4 24
144 112 129
105 25 38
96 75 116
95 186 58
92 171 16
166 60 111
29 158 66
182 162 160
185 171 121
113 30 133
155 181 144
55 79 54
68 96 176
148 94 57
103 37 44
193 64 107
198 128 167
138 10 185
43 143 101
183 114 75
56 83 84
143 38 176
59 157 11
86 115 7
43 198 63
134 61 16
13 6 136
171 105 37
181 8 18
111 0 116
116 154 104
71 112 54
99 182 147
9 54 31
97 106 0
91 139 13
115 199 196
143 77 135
123 37 96
155 69 68
176 149 146
44 135 134
137 93 149
110 53 148
16 104 177
2 123 43
177 149 90
184 58 158
117 66 0
64 161 9
105 148 115
164 165 117
5 148 143
166 97 175
175 150 74
123 39 165
89 168 84
80 82 28
62 188 133
68 62 100
169 29 45
184 10 140
62 152 145
140 18 3
87 138 192
171 124 195
95 190 5
45 193 87
1 83 117
116 54 85
162 46 198
41 140 80
41 154 84
32 20 107
43 149 193
187 193 188
199 120 164
6 141 23
9 161 150
101 103 115
34 75 23
20 175 62
23 17 192
93 72 6
84 46 162
189 49 93
167 59 51
100 167 122
53 17 85
97 28 16
83 111 9
12 23 100
5 198 142
42 62 129
147 81 167
55 169 9
180 40 98
47 91 87
125 116 131
161 31 118
36 151 45
96 69 70
22 117 111
80 119 151
138 144 16
32 156 34
117 35 172
93 17 22
53 38 108
177 35 158
6 140 186
7 116 170
172 68 142
43 175 172
34 67 42
41 119 130
59 20 162
39 20 93
141 121 160
6 53 158
40 64 7
14 98 196
174 146 47
27 182 8
151 35 167
123 149 124
26 47 100
119 169 22
106 28 3
83 83 86
83 80 67
167 66 23
148 54 44
77 4 155
175 37 4
37 183 18
177 132 43
9 168 26
137 60 23
6 163 113
156 85 100
94 62 45
10 42 148
179 45 173
100 146 170
174 100 15
27 188 23
98 120 191
68 47 48
43 33 20
58 199 122
174 32 8
24 165 102
82 59 61
4 100 45
86 31 44
44 6 75
164 190 43
32 195 65
42 111 31
84 45 118
199 94 113
108 198 81
100 150 192
92 2 54
8 199 0
1 0 33
25 92 17
196 148 46
143 198 162
4 37 22
164 83 109
91 144 58
82 125 170
49 133 21
168 4 70
81 158 136
147 116 43
2 71 146
65 198 126
87 78 197
115 4 189
193 179 69
143 196 100
82 100 182
144 67 135
101 69 96
152 187 63
154 163 8
40 5 63
162 169 161
196 121 122
145 13 100
86 167 30
188 29 191
25 77 195
102 190 120
83 94 72
160 48 117
34 16 90
86 129 90
28 50 175
30 85 160
92 80 184
175 38 126
72 88 197
155 100 90
77 189 79
82 52 106
186 198 171
91 4 158
55 140 45
134 147 65
180 117 7
27 0 135
170 186 172
173 148 182
105 159 108
90 165 138
122 8 156
148 141 140
82 101 198
186 6 130
114 181 163
117 182 186
54 91 36
34 135 30
142 195 169
84 3 30
65 105 196
120 47 77
114 102 12
188 121 142
125 45 106
8 97 46
16 133 40
17 109 39
179 92 163
142 26 189
159 5 163
173 149 161
20 174 139
198 27 46
53 188 85
78 180 120
113 18 109
136 129 97
143 164 195
179 145 126
16 128 22
67 120 117
180 5 184
17 188 6
126 146 163
86 89 131
112 50 34
64 86 24
189 57 7
147 189 130
195 81 153
151 193 164
113 173 41
86 48 190
51 54 166
160 190 186
91 88 166
12 21 184
17 45 188
188 67 157
140 134 70
27 11 100
138 39 143
178 59 96
82 88 79
35 105 167
185 195 65
25 110 132
58 103 155
64 45 113
51 151 191
96 105 87
180 2 31
43 140 49
90 114 63
7 10 129
75 18 198
3 196 119
57 124 152
1 84 23
141 137 34
175 56 100
59 152 105
166 135 10
72 130 1
170 61 110
104 100 118
124 148 32
84 89 132
45 66 25
101 146 158
81 141 182
38 33 103
177 142 170
85 2 117
29 0 71
46 164 179
84 125 185
122 100 93
76 158 184
190 8 126
111 106 80
71 175 55
142 149 60
82 167 145
15 158 67
197 7 188
135 199 164
27 1 15
123 39 125
86 63 22
59 185 28
100 173 180
104 177 37
24 188 41
166 104 161
199 8 1
139 159 46
138 0 89
167 64 72
0 93 61
85 150 157
12 81 41
31 33 137
118 187 153
38 128 183
66 148 32
105 124 147
18 37 88
185 95 30
51 126 176
53 178 184
8 7 94
164 78 160
148 146 128
164 25 103
61 74 77
170 198 160
120 41 54
173 133 162
8 53 78
24 126 34
164 77 40
49 194 79
108 132 65
117 166 27