200
105 46 131
172 44 14
15 77 8
23 37 151
16 158 167
120 129 96
74 149 193
6 137 82
93 63 108
89 150 0
34 156 171
76 19 90
164 175 67
13 142 174
121 130 133
22 52 170
157 4 101
180 9 156
64 180 15
160 10 169
80 72 38
196 198 90
13 103 34
67 119 158
68 37 84
173 199 19
186 63 126
112 99 186
124 75 97
148 112 42
79 136 71
187 112 154
150 183 10
122 160 188
104 175 163
170 18 70
24 151 60
155 185 152
94 160 95
46 30 122
95 176 186
42 34 190
40 135 6
31 100 94
41 123 46
74 128 43
133 159 136
168 32 1
34 167 35
150 106 30
77 129 33
188 19 91
137 110 199
92 198 25
153 6 8
59 72 26
89 174 168
148 26 126
152 193 71
125 194 189
77 149 56
65 75 125
145 182 195
197 49 45
65 50 175
158 190 31
131 135 199
90 69 69
95 38 109
191 36 61
148 121 118
64 115 69
116 11 61
97 122 184
72 3 177
161 71 6
172 0 21
73 62 74
129 16 196
147 157 190
112 70 99
123 87 113
172 129 189
119 76 149
60 167 157
101 199 140
113 149 12
113 82 42
18 57 55
5 128 177
17 106 133
132 85 193
52 151 177
180 146 23
33 97 156
81 38 111
69 183 151
102 50 38
198 187 138
41 164 32
17 196 130
131 8 157
168 110 152
19 35 167
145 190 146
161 54 152
53 107 155
68 64 30
58 196 61
111 62 179
58 50 13
0 0 22
31 166 101
6 185 181
68 128 70
160 168 17
78 32 40
65 11 119
127 150 149
48 40 54
17 71 146
146 62 0
127 57 109
158 146 69
46 7 98
170 69 157
37 85 39
117 26 67
170 54 122
47 105 28
51 90 93
55 150 42
76 159 42
45 40 106
80 33 103
1 121 179
121 63 17
193 28 28
125 61 49
136 139 73
95 90 176
168 156 170
199 191 170
69 193 157
59 109 73
110 66 97
3 72 18
83 3 159
82 125 123
117 71 0
35 77 80
69 36 17
104 35 26
146 172 80
187 178 113
95 180 68
112 176 105
94 23 139
198 50 183
171 23 19
150 150 15
56 174 158
92 1 42
72 179 197
36 72 157
80 45 186
45 95 177
35 95 76
87 152 62
108 91 145
170 190 137
39 29 37
78 169 57
192 195 144
62 191 144
11 93 179
165 29 168
188 101 54
75 53 153
180 153 170
171 108 35
170 169 70
176 91 55
169 32 86
73 189 138
196 108 100
22 84 70
172 196 155
30 59 133
169 50 189
129 27 163
42 12 181
79 124 125
95 161 19
36 48 129
42 66 185
110 169 151
136 85 86
175 132 149
94 196 119