100
84 140 28
170 162 126
50 34 49
36 99 27
171 78 83
89 171 148
67 163 166
33 49 160
113 184 98
144 134 37
37 84 181
97 185 56
71 19 130
35 72 152
198 191 132
112 28 144
5 195 166
10 75 9
101 60 157
98 158 108
23 46 163
171 108 15
47 196 196
40 63 77
85 131 112
192 9 164
113 0 185
14 1 117
185 89 16
178 87 199
86 91 182
114 24 169
175 95 73
113 63 125
195 170 122
125 68 37
98 65 102
124 26 73
50 137 139
124 11 198
66 76 156
132 183 172
79 105 53
73 76 124
162 13 74
55 52 155
124 0 32
57 88 159
125 48 119
138 193 40
143 164 1
49 165 6
146 77 199
189 53 24
60 170 20
52 193 182
130 180 144
199 148 192
143 164 170
158 7 22
2 154 175
71 65 164
193 19 176
40 60 108
98 35 126
127 50 128
24 92 40
59 139 101
114 125 32
184 106 140
13 100 23
65 163 17
36 16 22
19 51 198
189 72 86
29 26 67
30 127 52
75 136 105
124 36 79
154 178 11
53 69 166
199 60 178
162 191 96
124 82 99
55 33 147
141 53 75
141 72 192
54 190 6
152 183 120
45 167 20
156 190 171
52 9 192
15 196 107
114 163 95
6 185 72
80 39 161
53 165 10
91 121 40
155 193 3
145 66 116